A
   3.25000   9.42000   7.34000   0.12000   5.98000
   5.73000   7.11000   8.93000   6.32000   7.12000
   8.23000   5.44000   3.12000   0.29000   4.23000
   5.42000   6.22000   2.93000   4.32000   9.22000
   7.13000   1.36000   9.34000   4.21000   4.31000
A
   3.25000   5.73000   8.23000   5.42000   7.13000
   9.42000   7.11000   5.44000   6.22000   1.36000
   7.34000   8.93000   3.12000   2.93000   9.34000
   0.12000   6.32000   0.29000   4.32000   4.21000
   5.98000   7.12000   4.23000   9.22000   4.31000
